41 0 0 0 0 0 be 
42 0 0 0 0 0 bd 
43 0 0 0 0 0 bc 
44 0 0 0 0 0 bb 
45 0 0 0 0 0 ba 
45 0 0 0 0 0 ba 
46 0 0 0 0 0 b9 
47 0 0 0 0 0 b8 
48 0 0 0 0 0 b7 
49 0 0 0 0 0 b6 
49 0 0 0 0 0 b6 
4a 0 0 0 0 0 b5 
4b 0 0 0 0 0 b4 
4c 0 0 0 0 0 b3 
4c 0 0 0 0 0 b3 
4d 0 0 0 0 0 b2 
4e 0 0 0 0 0 b1 
4f 0 0 0 0 0 b0 
50 0 0 0 0 0 af 
50 0 0 0 0 0 af 
51 0 0 0 0 0 ae 
52 0 0 0 0 0 ad 
53 0 0 0 0 0 ac 
54 0 0 0 0 0 ab 
54 0 0 0 0 0 ab 
55 0 0 0 0 0 aa 
56 0 0 0 0 0 a9 
57 0 0 0 0 0 a8 
58 0 0 0 0 0 a7 
58 0 0 0 0 0 a7 
59 0 0 0 0 0 a6 
5a 0 0 0 0 0 a5 
5b 0 0 0 0 0 a4 
5b 0 0 0 0 0 a4 
5c 0 0 0 0 0 a3 
5d 0 0 0 0 0 a2 
5e 0 0 0 0 0 a1 
5f 0 0 0 0 0 a0 
5f 0 0 0 0 0 a0 
60 0 0 0 0 0 9f 
61 0 0 0 0 0 9e 
62 0 0 0 0 0 9d 
63 0 0 0 0 0 9c 
63 0 0 0 0 0 9c 
64 0 0 0 0 0 9b 
65 0 0 0 0 0 9a 
66 0 0 0 0 0 99 
67 0 0 0 0 0 98 
67 0 0 0 0 0 98 
68 0 0 0 0 0 97 
69 0 0 0 0 0 96 
6a 0 0 0 0 0 95 
6a 0 0 0 0 0 95 
6b 0 0 0 0 0 94 
6c 0 0 0 0 0 93 
6d 0 0 0 0 0 92 
6e 0 0 0 0 0 91 
6e 0 0 0 0 0 91 
6f 0 0 0 0 0 90 
70 0 0 0 0 0 8f 
71 0 0 0 0 0 8e 
72 0 0 0 0 0 8d 
72 0 0 0 0 0 8d 
73 0 0 0 0 0 8c 
74 0 0 0 0 0 8b 
75 0 0 0 0 0 8a 
75 0 0 0 0 0 8a 
76 0 0 0 0 0 89 
77 0 0 0 0 0 88 
78 0 0 0 0 0 87 
79 0 0 0 0 0 86 
79 0 0 0 0 0 86 
7a 0 0 0 0 0 85 
7b 0 0 0 0 0 84 
7c 0 0 0 0 0 83 
7d 0 0 0 0 0 82 
7d 0 0 0 0 0 82 
7e 0 0 0 0 0 81 
81 0 0 0 0 0 7e 
81 0 0 0 0 0 7e 
82 0 0 0 0 0 7d 
